10
11.13 79.02 -24.1
23.96 99.47 -15.21
62.16 39.0 5.84
90.16 86.37 14.74
73.23 -7.71 8.07
56.49 78.33 -0.23
13.58 81.46 -5.76
92.58 55.24 -42.25
24.23 -10.51 26.82
85.99 28.49 -13.69
8.25 -36.98 32.54
4.38 -28.42 -44.97
78.46 20.33 -45.93
62.99 -12.48 -6.94
1.55 78.59 -7.01
82.42 -15.87 -37.87
61.85 80.0 29.76
3.1 41.45 -22.6
21.97 65.63 49.48
12.52 70.24 23.18
19.36 -16.4 -49.25
43.17 76.24 46.98
38.09 87.29 30.0
85.62 12.75 -23.4
92.41 47.76 -34.76
73.27 49.87 -5.38
67.65 37.29 -42.55
29.97 4.41 41.1
73.19 -38.41 -44.41
91.05 -23.15 -16.15
5.9 3.59 -18.94
26.46 86.22 -44.24
38.41 49.37 -7.15
91.11 58.65 33.86
86.19 -4.24 17.33
94.31 93.97 24.78
8.1 14.07 38.31
47.68 97.97 -27.93
76.06 79.34 38.66
78.31 62.0 36.01
69.0 5.07 36.72
65.63 -15.89 43.24
99.19 11.78 32.95
55.23 13.04 21.04
98.87 -43.44 28.89
75.27 82.04 -7.24
7.71 86.35 -15.61
13.89 4.13 -3.5
60.33 21.2 2.22
83.08 40.4 5.91
52.45 -44.44 40.45
11.11 96.2 -14.99
42.91 46.11 12.94
77.11 10.16 -42.36
79.15 -26.73 -40.47
70.71 43.29 36.58
40.71 96.49 -12.77
33.31 83.06 35.23
30.38 65.78 -46.0
47.07 -20.23 -46.18
20.92 -38.1 48.33
46.4 -46.72 -19.25
28.2 94.76 -35.26
5.59 -9.8 -8.82
63.85 -28.21 12.26
77.04 35.75 40.86
66.51 42.4 12.27
29.35 12.55 -18.69
93.47 -14.65 -12.66
83.94 -20.65 1.64
10.99 -13.1 15.74
20.75 48.74 -13.05
57.15 7.63 -32.65
14.5 57.99 38.94
26.23 -8.11 20.41
20.19 49.75 47.73
16.77 -33.33 -19.61
54.04 36.17 -29.93
91.34 56.6 29.31
85.07 60.62 1.91
49.06 60.92 -9.1
21.91 83.96 13.9
21.13 5.83 26.72
58.76 82.86 35.01
76.59 -48.43 -14.86
52.29 -21.2 -2.65
12.4 39.26 -20.46
98.09 -12.33 -48.58
30.48 77.03 -34.1
11.69 97.41 35.03
33.31 33.63 44.61
43.65 -5.93 -9.8
22.92 19.13 -38.38
99.36 -0.27 27.21
85.64 0.35 3.91
64.37 33.49 27.18
85.45 -0.08 -17.39
76.69 -36.73 -3.38
23.48 7.01 -24.98
64.87 41.32 0.02
73.61 84.49 -13.06
4.65 5.99 -2.13
6.92 71.8 -6.77
21.71 99.24 -15.37
30.86 77.9 -32.1
66.81 33.32 30.82
10.31 99.3 15.7
56.88 -41.55 47.25
38.05 26.7 -1.12
2.43 85.02 -44.11
43.95 50.92 -33.88
97.45 49.94 -19.57
81.72 69.86 -13.72
95.16 41.88 -31.34
6.89 13.93 -5.85
6.31 14.56 -39.48
29.91 2.88 -47.73
81.98 22.46 -9.23
54.05 -4.49 38.28
93.85 2.03 -43.96
85.51 27.74 5.13
62.85 67.78 -36.24
90.95 48.03 -20.28
15.77 55.14 -25.96
75.66 -22.75 24.86
41.47 14.45 -3.08
1.36 58.0 -3.52
33.62 57.83 -1.47
30.18 40.53 4.97
57.23 64.72 35.61
5.23 71.3 -45.4
61.54 3.76 -41.95
34.65 59.31 29.52
67.75 53.86 46.65
62.74 13.63 -29.73
20.68 89.05 5.37
28.7 77.61 11.03
28.62 79.3 0.05
75.58 71.82 37.55
76.8 12.14 -28.96
90.63 57.39 31.37
62.86 91.31 -2.21
34.59 93.34 16.93
63.33 -9.35 28.51
60.96 76.07 -27.18
75.25 30.89 -9.65
59.02 79.94 -24.02
32.43 -27.72 15.56
6.87 -28.36 48.94
69.7 1.66 -8.68
97.3 -42.17 -13.28
81.25 58.67 20.08
14.2 78.33 15.15
68.81 8.34 -25.68
18.99 -2.35 -18.72
52.21 16.01 6.2
20.22 31.75 -34.9
40.1 87.55 15.2
54.22 -35.95 34.74
25.28 14.58 38.32
3.81 64.59 48.53
3.25 40.74 -26.1
8.91 39.89 19.55
43.54 64.06 -38.45
88.8 28.31 -5.6
65.6 60.43 -44.12
73.41 99.28 -47.12
8.31 62.01 49.09
76.33 19.07 -13.9
83.98 0.6 -19.37
3.25 58.68 -48.1
93.55 -37.37 -46.56
20.14 -33.76 3.54
73.55 94.22 -6.31
50.45 65.52 48.51
58.84 -42.63 -31.18
51.12 30.93 49.96
35.83 65.1 -4.87
44.82 24.08 25.31
72.05 73.8 -46.16
69.32 -29.76 3.41
78.23 34.08 -28.3
16.71 88.73 -31.21
10.32 -19.24 17.65
32.36 2.34 9.89
41.28 86.43 -6.64
67.1 -24.76 -10.97
43.07 86.1 -42.72
27.18 -10.45 -22.45
68.35 -42.23 -5.27
49.39 67.36 -30.03
4.74 -15.53 24.64
75.26 -37.05 39.12
49.36 -46.73 9.28
4.74 -30.16 41.74
61.48 -28.46 46.8
75.02 -18.89 -24.05
27.62 -5.41 -4.54
67.61 -26.76 43.33
77.45 42.7 47.52
75.77 9.97 -48.66
43.3 76.86 39.97
46.95 53.67 -32.3
47.2 -19.07 0.74
90.91 31.02 -19.84
92.08 57.98 6.88
73.06 36.13 3.4
24.04 7.35 34.15
76.93 81.47 1.3
94.62 -26.52 -19.43
20.6 46.99 -19.41
68.49 -48.67 33.3
59.53 72.78 -8.17
35.18 20.27 -5.12
73.88 -48.96 -40.26
20.05 98.35 -28.54
28.51 31.7 9.91
99.47 15.18 0.82
14.21 10.0 36.5
72.43 68.55 -24.81
29.96 -8.72 -43.46
2.34 13.88 5.27
26.67 87.81 4.03
85.74 8.72 -38.45
61.08 -32.62 4.92
35.1 35.67 44.39
33.07 37.27 35.71
51.52 28.2 -2.88
44.75 82.81 -12.08
94.68 55.65 -9.03
66.11 -40.33 38.63
47.21 -21.11 0.2
1.45 59.51 -5.26
30.65 -37.79 -1.25
47.57 -24.54 47.87
61.75 -24.82 0.34
58.04 13.05 34.29
98.26 -22.82 -47.04
62.59 73.13 34.06
10.03 75.96 47.04
97.49 1.58 22.47
79.75 -12.63 33.57
78.74 75.91 13.51
51.83 -16.63 39.91
63.36 28.69 -39.95
78.42 41.67 -25.92
22.89 -32.57 20.98
83.02 77.08 -43.53
58.0 23.55 36.67
86.39 30.86 -11.15
18.94 85.82 -37.78
78.0 39.1 -38.11
61.66 88.43 -11.58
17.63 -26.64 -9.49
51.47 -20.38 10.68
96.33 -43.41 47.39
47.75 95.81 45.07
77.65 18.27 28.37
18.41 74.66 -10.63
35.74 -24.82 24.6
91.26 61.4 -44.82
60.32 -11.12 -42.35
1.87 34.96 -7.09
82.97 84.57 -20.39
87.03 48.25 -3.88
44.67 -37.03 28.77
56.31 -6.92 26.43
42.06 3.75 -44.86
49.31 -46.93 -19.15
89.22 10.41 18.12
84.61 -33.81 31.93
36.27 -0.56 -33.35
9.77 -27.06 -37.53
41.69 50.41 -5.95
86.17 56.2 -13.81
98.86 15.89 26.88
41.15 79.69 -46.72
63.91 -12.61 -40.12
7.42 78.09 40.87
53.52 64.19 49.28
60.58 54.5 10.74
27.75 47.5 -46.58
45.66 -43.17 -10.52
76.61 1.39 -45.38
91.86 -28.04 26.21
9.24 -49.47 -28.33
47.25 27.03 29.36
52.28 21.11 -1.68
60.14 52.49 43.48
64.98 -45.56 -4.7
98.39 94.5 -2.4
60.59 -47.96 -37.56
33.88 27.59 29.13
79.89 -28.15 31.89
72.28 87.47 -28.42
75.69 79.15 43.33
44.68 16.37 -37.07
25.1 -28.75 32.96
71.01 66.43 28.71
66.13 66.9 18.36
35.84 -46.97 2.36
72.52 -14.49 2.15
98.58 28.2 17.34
58.42 36.79 -10.06
17.67 81.14 -48.98
14.1 -28.31 -17.74
50.48 33.1 11.81
62.29 -33.23 12.45
94.2 -2.43 31.29
45.11 -48.95 -18.33
45.38 37.04 2.61
93.4 -22.3 37.02
7.78 -2.94 -14.51
50.62 -19.47 48.66
2.19 -37.31 -6.37
14.52 37.18 29.6
64.56 -39.58 -4.66
82.65 8.98 -10.54
62.12 6.03 15.99
49.25 57.39 -28.02
30.19 12.89 -9.73
23.07 64.04 -16.34
14.8 56.82 -47.41
53.08 39.21 2.25
69.25 42.9 26.02
98.09 3.45 15.07
24.87 3.6 45.53
73.46 70.47 -22.11
36.02 -21.02 41.37
18.66 79.02 -31.32
98.5 51.33 16.67
32.29 79.52 39.39
41.02 31.73 12.16
11.25 -49.58 -18.04
32.6 1.88 35.29
41.95 99.49 -7.21
34.67 -39.62 -21.28
99.57 47.7 12.03
79.58 -30.2 -49.14
52.92 -15.55 -40.44
5.37 29.09 -29.69
94.05 66.75 37.63
48.69 43.05 -22.26
40.15 22.02 -11.44
89.32 34.47 8.83
9.97 1.24 37.05
80.72 42.18 43.35
13.77 88.38 34.42
27.43 -4.34 8.7
45.18 -14.98 13.19
49.66 83.91 39.36
59.89 -7.25 13.01
44.61 72.39 42.18
92.37 58.58 5.98
8.32 81.93 7.75
95.55 37.16 -16.35
92.39 87.79 -27.04
57.53 -13.74 18.06
62.22 56.55 -21.95
90.19 13.44 -15.47
27.91 27.79 -31.02
53.93 -44.74 28.21
34.91 58.56 -15.79
5.08 77.26 -4.13
35.96 -18.82 -44.99
88.27 95.1 44.73
40.48 10.99 27.1
23.07 88.23 15.19
16.75 -17.03 -27.23
79.15 -26.89 -18.31
29.33 -13.75 -49.27
21.09 -12.23 5.25
31.44 14.15 14.74
32.9 -7.73 -49.38
89.73 84.86 -17.14
72.1 -35.31 -47.15
21.96 5.05 -10.27
90.34 22.93 24.4
56.68 -15.56 -42.36
38.3 63.75 -42.36
81.48 71.76 30.42
19.29 -2.24 29.35
63.81 -38.95 -36.41
46.61 -46.85 -47.83
17.95 63.62 14.29
35.84 -33.75 46.66
68.68 76.04 45.13
90.92 29.37 -33.15
30.34 -34.93 -6.01
97.07 -30.14 5.17
8.72 71.28 3.43
33.32 94.0 -20.51
11.18 55.44 -6.91
97.63 73.54 -43.39
25.52 80.88 11.61
82.2 90.82 -16.45
76.22 67.34 -11.25
60.39 92.94 -9.64
31.93 89.22 -15.67
47.31 72.44 18.08
19.48 86.79 19.77
88.17 44.09 11.52
93.24 87.65 45.35
39.8 51.74 -29.63
46.36 47.69 22.96
99.11 58.22 36.74
54.95 -28.74 -1.77
54.09 -34.55 28.14
29.3 27.35 16.49
28.9 -44.75 -16.3
74.9 -37.07 22.56
30.82 -5.45 35.33
98.33 -8.92 -13.98
68.18 16.41 14.89
25.22 -38.37 12.23
48.8 -49.05 19.67
46.69 71.68 -26.52
8.83 45.21 -42.73
75.55 -42.31 -14.28
52.47 20.83 40.17
36.9 49.16 -32.79
92.73 87.27 -39.12
59.08 -32.15 15.07
16.79 43.75 47.03
9.89 81.43 38.15
67.5 42.94 16.96
69.35 56.29 22.05
43.92 -18.65 -18.14
22.61 -27.71 -35.08
21.79 83.8 34.7
57.07 92.06 45.6
73.48 65.37 13.93
78.41 -0.07 -16.16
25.23 -8.06 29.03
81.51 -6.07 -44.64
32.21 93.49 -28.84
73.08 58.37 28.55
21.54 -26.31 5.51
67.05 -35.45 30.11
30.36 -39.81 -22.82
38.12 29.6 30.74
91.72 -26.73 -14.86
99.14 4.63 47.98
54.08 -18.92 31.24
43.87 13.39 -32.8
47.59 1.42 -21.12
96.2 75.31 -32.31
78.29 62.09 14.45
4.06 -23.79 1.89
85.0 -11.34 49.74
48.65 78.8 -46.73
30.21 55.45 -14.7
82.03 -45.69 -0.78
64.09 -40.15 4.71
90.61 60.85 22.97
46.75 42.52 -0.78
89.39 2.42 -22.67
74.03 81.33 -21.86
50.0 -18.05 -3.09
60.54 36.28 -16.84
52.66 -43.19 30.73
31.33 -30.41 -35.18
85.98 79.56 -35.59
46.18 -15.66 3.52
86.19 83.98 -43.62
48.39 -24.69 -43.11
26.69 -47.64 -12.93
8.83 8.84 -47.24
9.47 -10.09 -14.38
90.74 -15.08 42.15
30.67 -22.23 10.42
87.84 28.62 -46.55
75.7 -32.65 -20.44
27.53 26.66 -38.53
16.38 -36.81 48.57
58.85 -16.79 16.44
16.28 -19.83 -2.34
85.04 5.55 -31.4
18.28 -25.38 -17.44
83.36 -22.15 -15.06
52.92 77.61 -13.31
25.53 57.66 8.72
62.85 83.24 13.64
3.31 -20.06 13.19
50.04 -11.77 4.72
2.0 0.84 -46.79
11.69 -8.79 -15.39
26.08 35.11 33.34
18.15 -7.77 36.76
59.3 24.57 13.31
21.1 58.75 1.23
73.12 61.71 -2.49
55.32 11.57 46.57
28.14 -3.22 48.3
21.35 40.3 -15.72
72.64 -36.81 -36.42
76.93 26.98 22.27
19.84 -11.71 -25.19
97.75 -14.87 12.25
93.91 67.66 41.08
77.25 51.56 14.9
50.46 5.6 -16.11
9.94 90.51 36.65
96.04 15.51 20.3
1.04 -2.82 -27.27
76.86 -7.48 -33.02
90.23 -15.41 44.87
19.86 13.29 12.58
5.02 22.07 1.34
90.58 -37.57 -39.02
57.67 -9.82 -17.54
66.72 31.18 0.9
80.03 -26.76 27.27
84.21 51.63 -29.87
93.7 30.6 -15.57
88.36 -15.5 48.69
43.08 97.27 -22.81
5.16 20.27 -12.28
17.0 96.68 -9.87
95.1 -28.08 -14.55
30.35 89.09 2.79
81.57 39.74 -37.9
58.79 48.71 -36.37
36.45 89.09 -38.85
70.33 12.91 34.24
59.02 50.78 25.64
63.57 -35.09 -37.19
58.58 4.28 11.41
90.14 46.65 8.83
57.59 13.73 6.25
9.33 61.94 -13.53
40.04 20.85 49.86
36.17 53.55 -44.48
99.51 -16.55 8.43
70.9 88.54 41.9
86.41 72.78 -39.4
62.97 21.03 12.33
48.18 -34.72 -15.11
88.24 81.75 -35.66
96.58 2.73 -0.05
26.04 37.14 -39.69
60.46 60.73 30.22
11.33 86.61 48.04
19.13 -24.39 -9.08
37.56 -26.4 16.45
44.43 -48.41 39.01
27.88 -46.56 -13.5
72.26 96.52 -15.11
78.17 44.05 6.2
10.96 -18.02 -23.99
45.34 81.36 42.57
4.14 -7.05 -4.45
80.83 -38.83 25.64
76.06 28.41 30.38
90.79 36.6 -24.02
53.08 -20.76 -20.86
78.36 -4.2 -12.95
39.15 99.91 34.24
18.31 51.23 37.46
31.27 8.59 -32.46
6.6 -2.35 -27.79
43.74 91.45 16.27
52.5 34.05 20.57
26.84 -4.22 0.87
1.14 51.68 12.25
55.29 -26.63 -29.66
9.21 68.11 20.84
44.11 90.28 -18.73
13.86 94.1 -0.42
74.36 30.71 -44.68
54.71 47.23 -17.85
60.78 35.17 -0.33
97.89 49.64 -3.04
6.59 -16.47 -17.47
28.64 -8.07 41.02
41.65 -27.93 -25.53
18.07 50.3 39.0
99.94 -36.15 -36.23
12.06 -24.25 47.47
23.44 -39.53 -30.29
83.56 37.43 -5.89
19.63 85.21 16.87
46.5 -37.08 27.38
47.56 30.42 -11.6
47.83 -23.1 -26.35
70.1 81.21 42.56
14.75 67.01 -6.93
1.24 -21.65 -30.02
3.73 70.08 -44.71
86.59 -12.65 49.57
63.41 30.17 23.73
75.13 42.74 3.65
53.37 81.62 1.26
96.18 -18.16 5.93
68.19 28.91 38.98
44.25 9.25 13.99
78.34 56.56 -48.81
44.05 88.05 37.03
90.53 -31.26 29.89
55.82 39.38 23.47
96.31 -4.21 21.12
50.18 26.12 -11.67
1.0 84.0 -3.9
90.45 18.43 -29.18
28.29 8.34 8.62
88.06 2.3 13.92
42.17 -49.26 -14.21
33.19 25.23 -22.53
8.81 56.3 -3.58
85.8 22.15 -21.93
87.94 5.28 18.77
97.4 56.8 19.07
84.87 67.18 -45.78
14.39 39.45 -42.63
69.36 96.48 -7.49
26.0 82.87 -49.45
64.5 83.17 7.92
30.78 -0.41 -27.53
64.84 62.24 1.99
40.64 59.19 46.68
9.5 4.54 -3.95
1.02 11.04 36.14
55.72 -5.93 45.58
71.4 48.96 2.48
21.41 0.39 -15.18
12.5 16.05 14.81
62.14 17.83 6.94
61.32 -42.4 9.88
53.12 24.37 22.24
78.77 86.09 46.14
71.2 99.73 49.86
83.58 41.93 34.02
99.02 49.92 -9.39
10.06 -34.6 -18.15
4.61 28.38 36.46
13.39 -34.44 -21.23
71.48 33.23 -11.42
12.8 43.49 -30.6
54.63 67.73 -42.07
39.81 -35.9 45.69
91.95 -10.95 49.78
67.6 -24.19 17.48
97.42 -40.04 -26.83
20.83 14.33 -32.79
85.36 61.7 -42.84
37.63 12.03 18.35
38.65 85.15 2.56
66.66 96.07 -7.36
69.72 19.08 10.26
32.86 -4.75 -44.4
22.63 32.59 -30.45
54.77 74.27 -3.85
31.55 41.75 24.18
7.17 -17.29 -19.48
70.77 32.52 -28.53
3.67 77.22 -2.57
38.29 4.47 33.13
86.25 44.67 -33.03
34.71 73.53 3.64
16.8 29.13 35.39
39.37 3.46 -2.14
24.6 -42.32 -9.59
10.71 70.39 8.07
37.43 -9.08 -9.73
85.64 -3.91 42.68
8.58 89.1 21.22
46.47 -46.4 25.76
48.92 79.83 27.8
55.47 21.29 21.31
21.4 -4.88 4.57
76.51 18.31 12.22
2.91 -14.17 -24.58
86.22 31.85 -5.49
89.59 74.36 35.53
4.18 4.16 36.96
73.73 53.14 -39.6
28.83 -21.82 1.19
91.35 -43.87 36.28
29.0 4.56 34.59
11.82 98.95 2.39
83.67 9.32 33.61
28.16 -1.87 42.11
26.06 18.61 -44.96
79.46 86.14 -41.03
26.08 -42.86 -46.32
68.79 -47.77 33.47
92.62 21.72 16.71
11.46 -14.22 -35.66
95.11 62.36 36.96
50.15 -27.08 29.33
56.08 -30.99 -12.1
77.07 -37.35 -33.55
67.26 69.21 2.5
58.53 -9.28 32.47
19.43 30.21 -49.7
74.03 10.14 48.48
50.05 15.37 -10.74
95.71 81.64 43.25
42.4 -47.19 -41.71
14.34 87.6 -17.27
23.95 77.21 -49.01
73.96 -44.28 40.57
17.46 52.9 32.07
75.75 -38.64 41.26
29.49 -32.85 -6.91
28.49 49.17 14.88
66.68 55.66 -0.87
43.6 13.05 25.8
80.94 25.44 -33.44
45.4 -37.59 -29.88
95.35 17.03 46.82
96.49 23.88 -44.07
14.85 -25.24 -16.76
69.48 7.48 46.92
13.87 60.61 34.84
66.79 77.78 -30.24
96.41 -38.89 -12.26
52.18 37.36 -13.74
21.39 -6.6 -27.82
38.83 -27.61 -48.02
31.29 -21.14 44.4
13.0 91.06 43.41
15.91 -39.3 -23.09
53.88 50.24 33.56
85.23 72.53 14.74
45.23 -2.1 -13.99
71.96 -13.52 44.89
14.85 -28.29 31.61
73.91 -42.86 39.57
17.07 39.17 7.62
81.75 7.02 32.25
5.94 47.1 10.95
3.26 -38.39 -7.24
62.76 0.59 -9.44
56.97 -45.2 -37.16
45.0 67.05 5.96
39.45 94.79 25.76
20.09 63.58 1.44
15.0 -5.77 5.68
34.52 57.02 -45.14
37.58 -35.85 -23.42
3.71 9.88 3.5
29.88 81.65 -47.04
36.46 84.94 7.66
31.77 99.84 -1.65
45.01 14.44 -30.28
55.42 54.91 43.84
42.87 11.96 -18.3
84.76 37.95 6.02
67.83 -41.98 40.49
61.26 76.55 17.5
19.09 4.63 -11.49
30.66 -8.49 8.07
12.36 2.96 -43.72
87.18 -41.18 -23.6
62.12 43.18 18.19
28.03 67.24 -4.95
6.58 -46.8 -16.22
57.09 0.99 35.37
36.96 44.15 35.31
80.6 20.22 -35.06
89.08 83.27 -45.27
75.22 19.06 -37.77
32.07 5.84 21.67
13.33 99.19 -11.77
22.75 82.24 -46.65
85.15 -34.26 44.24
3.32 93.17 32.68
40.55 37.21 -39.49
9.13 -48.43 -34.97
62.49 64.59 -25.75
41.97 42.77 36.06
44.83 62.47 -12.5
49.6 -18.45 -38.02
85.73 -20.77 14.55
9.39 2.5 -24.66
45.61 98.98 7.59
81.47 82.34 -24.88
65.8 26.21 -44.88
93.27 -24.8 -1.63
35.88 64.71 40.79
28.74 46.35 48.24
36.01 -23.52 21.84
95.93 5.48 -25.44
29.82 66.68 24.79
66.93 81.39 -48.84
53.04 75.77 45.16
35.54 83.81 21.31
2.87 -12.5 6.85
37.19 -32.46 -18.48
36.3 -12.46 40.71
85.01 -8.67 -23.58
50.01 81.43 -14.96
20.63 -1.77 -14.62
34.23 88.91 -44.91
15.77 71.29 46.15
59.94 82.14 -34.13
64.73 52.13 16.82
34.43 48.95 -39.77
65.92 69.06 38.66
21.26 74.49 4.24
18.3 62.22 20.33
89.02 20.68 19.66
82.54 77.83 -33.1
9.46 57.85 -34.8
62.05 65.08 38.74
26.06 9.7 37.97
25.14 62.27 -27.21
86.01 46.28 -39.69
11.26 -39.44 -25.42
14.0 32.19 7.76
72.22 -35.61 6.67
94.03 -10.31 17.81
13.24 -43.23 -43.25
14.34 68.15 19.63
11.18 -34.21 -36.4
37.54 -27.16 34.25
33.3 -47.05 -5.26
12.21 55.84 -16.75
20.96 -24.61 -34.35
44.72 -29.88 21.42
73.31 92.67 38.94
41.02 8.01 25.28
77.28 -34.43 -43.79
43.23 63.07 43.59
90.1 -1.61 -24.56
30.34 17.14 -9.41
10.26 55.26 37.49
78.33 26.66 39.03
48.46 -47.52 -8.61
79.36 98.24 15.38
15.65 13.63 45.19
74.36 92.31 42.94
75.13 39.1 -46.09
25.89 -3.16 -27.99
67.73 30.08 -47.93
64.14 90.3 38.6
27.83 -19.4 -44.05
21.57 11.72 18.61
16.4 33.28 -21.06
71.48 -32.23 -10.5
35.31 68.79 -30.71
3.92 88.95 36.94
41.06 23.87 37.64
82.25 -43.88 9.25
31.63 -0.41 2.88
75.48 -16.4 27.04
37.82 -5.16 39.22
66.21 84.3 -23.67
67.46 -29.69 -33.53
44.67 -48.8 -33.56
86.48 -44.32 43.17
8.31 -46.77 -38.87
10.05 15.77 -19.49
88.8 51.14 -9.96
34.12 20.3 20.6
47.99 95.33 -23.49
47.38 52.39 -32.2
49.56 85.25 -35.45
70.51 73.0 -0.57
27.16 66.67 -47.78
67.26 -35.25 41.83
31.2 12.97 45.14
96.36 10.66 36.17
99.13 80.14 -29.05
4.86 87.15 39.1
69.21 30.76 1.54
79.01 -9.05 -25.32
70.34 -47.32 -4.14
89.54 -3.25 -7.72
28.14 5.33 -15.43
43.0 85.47 -31.93
7.13 58.03 -8.67
3.18 -31.79 18.03
15.53 9.68 0.92
36.95 -33.43 10.09
91.05 87.79 18.67
85.66 -34.55 -33.18
48.45 72.66 17.83
47.22 43.86 -17.76
57.91 1.41 39.82
51.34 2.34 -32.15
46.59 -41.71 -48.18
29.34 38.07 -21.06
47.97 -46.28 31.35
28.82 56.85 33.09
92.95 49.1 28.48
52.1 -41.42 -2.71
90.69 -49.1 -1.21
69.11 67.95 26.39
8.99 49.8 -37.45
45.23 -14.86 39.57
62.84 88.35 -43.12
53.82 -23.22 -42.65
56.21 -6.57 -31.34
87.66 42.08 -22.13
9.76 14.82 -37.93
8.55 56.33 12.26
41.43 2.35 20.73
79.49 -32.94 23.75
17.55 75.28 -7.88
99.57 73.55 -9.64
90.17 -14.94 11.28
51.78 97.15 -6.99
83.91 -18.37 -11.05
32.87 -9.53 16.5
13.53 87.38 -34.35
88.93 -34.17 -19.43
79.85 78.76 -3.07
85.39 26.24 25.4
3.38 69.67 2.4
96.42 -10.31 46.36
16.9 -30.82 -35.05
5.92 27.33 34.21
22.6 -40.1 -20.87
34.81 -45.75 -41.51
98.54 23.41 -12.72
64.87 6.21 -4.07
23.53 -14.78 27.1
42.35 47.55 -23.04
11.9 2.13 -6.39
29.33 58.76 -12.72
59.14 59.16 -3.71
64.46 15.88 18.33
89.51 28.44 23.66
21.6 13.23 -10.51
32.48 -4.28 49.01
50.83 -3.7 24.49
54.77 39.94 -8.57
86.93 35.74 -43.37
86.49 92.95 -28.7
86.22 -30.89 -18.52
6.08 84.43 30.17
50.76 95.26 26.36
67.78 3.07 31.69
78.56 -3.25 -13.31
14.52 74.64 19.02
52.56 62.42 -40.71
11.39 35.73 -15.84
25.94 -9.4 49.36
87.42 46.07 8.7
35.41 -45.65 6.35
78.91 44.36 44.08
85.11 -1.98 41.36
17.08 -19.38 -30.7
75.33 92.34 33.77
57.11 41.02 9.42
23.22 72.87 -12.18
24.39 86.66 12.71
91.35 13.87 -10.17
80.18 31.11 -0.3
96.1 -29.02 33.9
16.9 21.55 -48.78
89.56 69.44 -15.49
32.86 34.67 27.78
80.81 92.02 -6.45
89.84 53.32 -44.27
3.81 52.48 -27.75
98.56 17.31 -36.36
91.59 43.24 -10.09
27.1 -42.48 35.1
85.08 -25.97 -3.11
9.31 -39.04 -40.49
89.16 85.91 23.52
9.43 91.38 -28.06
32.93 29.64 -24.34
52.5 -2.3 7.8
61.29 -32.31 -49.24
94.72 -10.88 -41.47
13.3 21.29 46.79
88.87 35.54 30.97
33.77 31.57 -41.24
5.35 -30.36 -37.46
9.42 84.61 1.74
16.11 41.32 25.31
19.6 9.38 -12.18
27.79 31.79 -15.88
36.34 82.82 28.42
26.72 31.48 -46.15
84.74 -23.74 10.12
92.75 82.27 23.46
46.17 74.17 26.97
3.55 50.63 40.32
94.52 57.83 -46.31
79.06 33.87 -37.51
81.89 92.98 11.88
89.48 69.97 22.11
45.77 81.74 8.66
87.6 37.13 21.06
60.58 83.48 -22.04
21.05 -18.16 8.18
90.25 5.92 -20.96
19.65 -9.84 -4.25
88.6 -46.51 -37.04
1.59 97.44 -11.73
91.87 21.05 -10.51
35.88 -4.14 -47.08
13.17 -18.06 35.36
10.82 15.18 36.83
74.14 30.08 12.09
